              precision    recall  f1-score   support

           0     0.9234    0.9938    0.9573       801
           1     0.7946    0.4754    0.5948     35481
           2     0.3291    0.1341    0.1905     15280
           3     0.4629    0.8110    0.5894     31567
           4     0.9748    0.9931    0.9839      8422
           5     0.5458    0.3942    0.4578     28678
           6     0.7869    0.8317    0.8087     36128
           7     0.3145    0.1292    0.1831     18276
           8     0.3347    0.7534    0.4635     21911
           9     0.2856    0.7088    0.4072     13381
          10     0.6655    0.2820    0.3961     40516
          11     0.5401    0.2024    0.2944     25584
          12     0.0419    0.8580    0.0799      1303
          13     0.9995    0.8959    0.9449     43905
          14     0.9992    0.9928    0.9960    140559
          15     0.4662    0.1604    0.2387     27079
          16     0.2825    0.9449    0.4349      2321
          17     0.0260    0.8571    0.0504        14
          18     0.0135    0.3333    0.0260         3

    accuracy                         0.6647    491209
   macro avg     0.5151    0.6185    0.4788    491209
weighted avg     0.7252    0.6647    0.6629    491209
