              precision    recall  f1-score   support

           0     1.0000    0.9919    0.9959    454089
           1     0.4638    0.9948    0.6326       386
           2     0.9929    0.9995    0.9962     25588
           3     0.9448    0.9985    0.9709      2055
           4     0.9957    0.9990    0.9973     46259
           5     0.9637    0.9873    0.9754      1103
           6     0.9298    0.9939    0.9608      1146
           7     0.9975    1.0000    0.9987      1570
           8     0.7500    1.0000    0.8571         3
           9     0.7143    1.0000    0.8333         5
          10     0.9936    0.9991    0.9963     31712
          11     0.9896    1.0000    0.9948      1242
          12     0.1465    0.5704    0.2331       291
          13     0.0870    0.4000    0.1429         5
          14     0.0488    0.6967    0.0912       122

    accuracy                         0.9930    565576
   macro avg     0.7345    0.9087    0.7784    565576
weighted avg     0.9975    0.9930    0.9950    565576
