              precision    recall  f1-score   support

           0       1.00      1.00      1.00    454089
           1       0.87      0.43      0.58       386
           2       1.00      1.00      1.00     25588
           3       1.00      1.00      1.00      2055
           4       1.00      1.00      1.00     46259
           5       0.99      0.99      0.99      1103
           6       1.00      1.00      1.00      1146
           7       1.00      1.00      1.00      1570
           8       1.00      1.00      1.00         3
           9       1.00      1.00      1.00         5
          10       0.99      1.00      1.00     31712
          11       1.00      1.00      1.00      1242
          12       0.74      0.79      0.76       291
          13       1.00      0.20      0.33         5
          14       0.38      0.24      0.29       122

    accuracy                           1.00    565576
   macro avg       0.93      0.84      0.86    565576
weighted avg       1.00      1.00      1.00    565576
