              precision    recall  f1-score   support

           0       0.93      0.98      0.95    454089
           1       0.00      0.00      0.00       386
           2       0.74      0.69      0.72     25588
           3       0.00      0.00      0.00      2055
           4       0.89      0.68      0.77     46259
           5       0.00      0.00      0.00      1103
           6       0.00      0.00      0.00      1146
           7       0.00      0.00      0.00      1570
           8       0.00      0.00      0.00         3
           9       0.00      0.00      0.00         5
          10       0.80      0.78      0.79     31712
          11       0.00      0.00      0.00      1242
          12       0.00      0.00      0.00       291
          13       0.00      0.00      0.00         5
          14       0.00      0.00      0.00       122

    accuracy                           0.91    565576
   macro avg       0.22      0.21      0.22    565576
weighted avg       0.90      0.91      0.91    565576
