              precision    recall  f1-score   support

           0       0.99      0.99      0.99    454089
           1       0.26      0.18      0.21       386
           2       0.99      0.99      0.99     25588
           3       0.88      0.91      0.90      2055
           4       0.97      0.96      0.96     46259
           5       0.80      0.74      0.77      1103
           6       0.80      0.79      0.79      1146
           7       0.81      0.72      0.76      1570
           8       0.00      0.00      0.00         3
           9       0.00      0.00      0.00         5
          10       0.98      0.97      0.98     31712
          11       0.87      0.98      0.92      1242
          12       0.54      0.57      0.55       291
          13       0.00      0.00      0.00         5
          14       0.16      0.29      0.21       122

    accuracy                           0.98    565576
   macro avg       0.60      0.61      0.60    565576
weighted avg       0.99      0.98      0.99    565576
