              precision    recall  f1-score   support

           0     0.9999    0.9931    0.9965    454089
           1     0.6306    0.9819    0.7680       386
           2     0.9970    0.9994    0.9982     25588
           3     0.9711    0.9981    0.9844      2055
           4     0.9958    0.9989    0.9973     46259
           5     0.9741    0.9873    0.9806      1103
           6     0.9595    0.9930    0.9760      1146
           7     0.9981    1.0000    0.9990      1570
           8     1.0000    1.0000    1.0000         3
           9     0.8333    1.0000    0.9091         5
          10     0.9937    0.9994    0.9966     31712
          11     0.9928    1.0000    0.9964      1242
          12     0.1344    0.6048    0.2199       291
          13     0.1053    0.4000    0.1667         5
          14     0.0532    0.6311    0.0982       122

    accuracy                         0.9940    565576
   macro avg     0.7759    0.9058    0.8058    565576
weighted avg     0.9979    0.9940    0.9958    565576
