              precision    recall  f1-score   support

           0       0.97      0.64      0.77    268647
           1       0.00      0.00      0.00      5702
           2       0.00      0.00      0.00       122
           3       0.00      0.00      0.00        46
           4       0.00      0.00      0.00     13688
           5       0.00      0.00      0.00       346
           6       0.09      1.00      0.16     11512
           7       0.02      0.07      0.03       822
           8       0.00      0.00      0.00      9222
           9       0.00      0.00      0.00      2795
          10       0.00      0.00      0.00       215
          11       0.00      0.00      0.00      3870
          12       0.00      0.00      0.00      3220
          13       0.00      0.00      0.00        17
          14       0.00      0.00      0.00      3748

    accuracy                           0.57    323972
   macro avg       0.07      0.11      0.06    323972
weighted avg       0.81      0.57      0.64    323972
