--- ĐÁNH GIÁ MÔ HÌNH: XGBoost_GPU ---
Accuracy : 0.0493
Precision: 0.8065
Recall   : 0.0493
F1-Score : 0.0724

--- CLASSIFICATION REPORT ---
              precision    recall  f1-score   support

           0       0.97      0.05      0.09    268647
           1       0.00      0.00      0.00      5702
           2       0.00      0.00      0.00       122
           3       0.00      0.00      0.00        46
           4       0.00      0.00      0.00     13688
           5       0.00      0.00      0.00       346
           6       0.00      0.00      0.00     11512
           7       0.00      0.00      0.00       822
           8       0.00      0.00      0.00      9222
           9       0.00      0.00      0.00      2795
          10       0.00      0.00      0.00       215
          11       0.00      0.00      0.00      3870
          12       0.00      0.00      0.00      3220
          13       0.00      0.00      0.00        17
          14       0.01      1.00      0.03      3748

    accuracy                           0.05    323972
   macro avg       0.07      0.07      0.01    323972
weighted avg       0.81      0.05      0.07    323972
