              precision    recall  f1-score   support

           0     0.9592    0.9988    0.9786       801
           1     0.8000    0.4855    0.6043     35481
           2     0.3304    0.1841    0.2364     15280
           3     0.4809    0.7155    0.5752     31567
           4     0.9806    0.9967    0.9886      8422
           5     0.5428    0.3995    0.4603     28678
           6     0.8108    0.8250    0.8179     36128
           7     0.2911    0.2093    0.2435     18276
           8     0.3421    0.4445    0.3867     21911
           9     0.2850    0.6833    0.4023     13381
          10     0.6520    0.4026    0.4978     40516
          11     0.5174    0.2877    0.3698     25584
          12     0.0448    0.7452    0.0846      1303
          13     0.9988    0.8995    0.9466     43905
          14     0.9993    0.9927    0.9960    140559
          15     0.4333    0.4060    0.4192     27079
          16     0.2884    0.9440    0.4418      2321
          17     0.0443    0.5000    0.0814        14
          18     0.0312    0.3333    0.0571         3

    accuracy                         0.6772    491209
   macro avg     0.5175    0.6028    0.5046    491209
weighted avg     0.7238    0.6772    0.6862    491209
