              precision    recall  f1-score   support

           0     0.9815    0.9950    0.9882       801
           1     0.7969    0.4837    0.6020     35481
           2     0.3301    0.1562    0.2121     15280
           3     0.4712    0.7780    0.5869     31567
           4     0.9856    0.9985    0.9920      8422
           5     0.5454    0.3845    0.4511     28678
           6     0.8045    0.8225    0.8134     36128
           7     0.3250    0.1409    0.1966     18276
           8     0.3410    0.5912    0.4325     21911
           9     0.2841    0.7052    0.4050     13381
          10     0.6646    0.3331    0.4437     40516
          11     0.5223    0.2534    0.3413     25584
          12     0.0437    0.8158    0.0829      1303
          13     0.9980    0.9008    0.9469     43905
          14     0.9994    0.9928    0.9961    140559
          15     0.4440    0.3376    0.3835     27079
          16     0.2884    0.9328    0.4405      2321
          17     0.0353    0.6429    0.0669        14
          18     0.0000    0.0000    0.0000         3

    accuracy                         0.6728    491209
   macro avg     0.5190    0.5929    0.4938    491209
weighted avg     0.7258    0.6728    0.6777    491209
