              precision    recall  f1-score   support

           0     0.9852    0.9950    0.9901       801
           1     0.7813    0.5128    0.6191     35481
           2     0.3048    0.2446    0.2714     15280
           3     0.5014    0.6278    0.5575     31567
           4     0.9851    0.9988    0.9919      8422
           5     0.5303    0.3918    0.4506     28678
           6     0.8186    0.8101    0.8143     36128
           7     0.2950    0.1938    0.2339     18276
           8     0.3404    0.4118    0.3727     21911
           9     0.2825    0.5842    0.3809     13381
          10     0.6400    0.5222    0.5751     40516
          11     0.4898    0.3543    0.4112     25584
          12     0.0461    0.6117    0.0857      1303
          13     0.9988    0.9021    0.9480     43905
          14     0.9994    0.9928    0.9961    140559
          15     0.4261    0.4412    0.4335     27079
          16     0.2946    0.9453    0.4492      2321
          17     0.2143    0.4286    0.2857        14
          18     0.0000    0.0000    0.0000         3

    accuracy                         0.6844    491209
   macro avg     0.5228    0.5773    0.5193    491209
weighted avg     0.7202    0.6844    0.6944    491209
