              precision    recall  f1-score   support

           0     0.9815    0.9950    0.9882       801
           1     0.7342    0.5428    0.6241     35481
           2     0.2786    0.3221    0.2988     15280
           3     0.4692    0.5421    0.5030     31567
           4     0.9878    0.9976    0.9927      8422
           5     0.5149    0.4407    0.4749     28678
           6     0.8195    0.7754    0.7968     36128
           7     0.2827    0.2926    0.2875     18276
           8     0.3351    0.3526    0.3436     21911
           9     0.2787    0.4357    0.3400     13381
          10     0.5954    0.5233    0.5570     40516
          11     0.4720    0.4219    0.4456     25584
          12     0.0465    0.3408    0.0819      1303
          13     0.9834    0.9251    0.9533     43905
          14     0.9994    0.9927    0.9961    140559
          15     0.4234    0.3909    0.4065     27079
          16     0.2992    0.7617    0.4296      2321
          17     0.1463    0.4286    0.2182        14
          18     0.0000    0.0000    0.0000         3

    accuracy                         0.6820    491209
   macro avg     0.5078    0.5517    0.5125    491209
weighted avg     0.7062    0.6820    0.6910    491209
