              precision    recall  f1-score   support

           0       1.00      0.99      0.99    454089
           1       0.30      0.98      0.46       386
           2       1.00      1.00      1.00     25588
           3       0.97      1.00      0.99      2055
           4       0.98      1.00      0.99     46259
           5       0.98      0.99      0.98      1103
           6       0.98      0.99      0.98      1146
           7       1.00      1.00      1.00      1570
           8       1.00      1.00      1.00         3
           9       1.00      1.00      1.00         5
          10       0.99      1.00      1.00     31712
          11       0.99      1.00      1.00      1242
          12       0.13      0.54      0.21       291
          13       0.02      0.40      0.04         5
          14       0.06      0.68      0.11       122

    accuracy                           0.99    565576
   macro avg       0.76      0.90      0.78    565576
weighted avg       1.00      0.99      0.99    565576
