              precision    recall  f1-score   support

           0     0.9916    0.9669    0.9791    268647
           1     0.9984    0.9995    0.9989      5702
           2     0.1904    0.6803    0.2975       122
           3     0.8148    0.9565    0.8800        46
           4     0.9999    1.0000    0.9999     13688
           5     0.9665    1.0000    0.9830       346
           6     0.9990    0.9990    0.9990     11512
           7     0.9964    1.0000    0.9982       822
           8     0.9999    0.9998    0.9998      9222
           9     0.7544    0.5088    0.6077      2795
          10     0.9862    0.9953    0.9907       215
          11     0.7126    0.8804    0.7877      3870
          12     0.1091    0.3214    0.1629      3220
          13     0.1667    0.8824    0.2804        17
          14     1.0000    0.9997    0.9999      3748

    accuracy                         0.9600    323972
   macro avg     0.7791    0.8793    0.7976    323972
weighted avg     0.9781    0.9600    0.9680    323972
