              precision    recall  f1-score   support

           0     0.9892    0.9676    0.9783    268647
           1     0.8677    0.9981    0.9283      5702
           2     1.0000    0.2377    0.3841       122
           3     0.9583    0.5000    0.6571        46
           4     0.9826    1.0000    0.9912     13688
           5     0.9719    1.0000    0.9858       346
           6     0.7530    0.9967    0.8579     11512
           7     0.3608    0.9416    0.5217       822
           8     0.9549    0.9560    0.9555      9222
           9     0.5279    0.8465    0.6503      2795
          10     0.3958    0.9628    0.5610       215
          11     0.8005    0.4532    0.5788      3870
          12     0.3154    0.1093    0.1624      3220
          13     0.0063    0.5882    0.0124        17
          14     0.9981    1.0000    0.9991      3748

    accuracy                         0.9545    323972
   macro avg     0.7255    0.7705    0.6816    323972
weighted avg     0.9625    0.9545    0.9558    323972
