              precision    recall  f1-score   support

           0     0.9915    0.9660    0.9786    268647
           1     0.9988    0.9995    0.9991      5702
           2     0.5152    0.6967    0.5923       122
           3     1.0000    0.9348    0.9663        46
           4     0.9999    1.0000    1.0000     13688
           5     0.9692    1.0000    0.9844       346
           6     0.9997    0.9990    0.9994     11512
           7     0.9976    1.0000    0.9988       822
           8     1.0000    0.9998    0.9999      9222
           9     0.6765    0.1639    0.2638      2795
          10     0.9954    1.0000    0.9977       215
          11     0.6097    0.9434    0.7407      3870
          12     0.1031    0.3230    0.1563      3220
          13     0.5357    0.8824    0.6667        17
          14     1.0000    1.0000    1.0000      3748

    accuracy                         0.9570    323972
   macro avg     0.8262    0.8606    0.8229    323972
weighted avg     0.9763    0.9570    0.9642    323972
