              precision    recall  f1-score   support

           0     0.0839    0.8377    0.1526       801
           1     0.3871    0.2198    0.2804     35481
           2     0.2145    0.4419    0.2888     15280
           3     0.0213    0.0000    0.0001     31567
           4     0.5513    0.9168    0.6885      8422
           5     0.0298    0.0186    0.0229     28678
           6     0.0711    0.3682    0.1192     36128
           7     0.0025    0.0003    0.0005     18276
           8     0.0000    0.0000    0.0000     21911
           9     0.1632    0.0490    0.0753     13381
          10     0.4666    0.0774    0.1327     40516
          11     0.0695    0.0036    0.0068     25584
          12     0.0000    0.0000    0.0000      1303
          13     0.9628    0.3151    0.4748     43905
          14     0.9074    0.5479    0.6833    140559
          15     0.1065    0.1530    0.1256     27079
          16     0.0599    0.4813    0.1066      2321
          17     0.0000    0.0000    0.0000        14
          18     0.0000    0.3333    0.0001         3

    accuracy                         0.2785    491209
   macro avg     0.2157    0.2507    0.1662    491209
weighted avg     0.4511    0.2785    0.3102    491209
