              precision    recall  f1-score   support

           0     0.9888    0.9950    0.9919       801
           1     0.7925    0.4882    0.6042     35481
           2     0.3276    0.1747    0.2279     15280
           3     0.4796    0.7028    0.5701     31567
           4     0.9874    0.9980    0.9927      8422
           5     0.5393    0.3833    0.4481     28678
           6     0.8031    0.8174    0.8102     36128
           7     0.2978    0.2048    0.2427     18276
           8     0.3415    0.4844    0.4006     21911
           9     0.2807    0.6751    0.3966     13381
          10     0.6432    0.4091    0.5001     40516
          11     0.5125    0.2876    0.3685     25584
          12     0.0445    0.7598    0.0841      1303
          13     0.9966    0.9015    0.9467     43905
          14     0.9994    0.9928    0.9961    140559
          15     0.4374    0.3782    0.4056     27079
          16     0.2887    0.9237    0.4399      2321
          17     0.0854    0.5000    0.1458        14
          18     0.0000    0.0000    0.0000         3

    accuracy                         0.6753    491209
   macro avg     0.5182    0.5830    0.5038    491209
weighted avg     0.7217    0.6753    0.6842    491209
