              precision    recall  f1-score   support

           0       1.00      0.99      1.00       801
           1       0.65      0.88      0.75     35481
           2       0.55      0.14      0.22     15280
           3       0.54      0.30      0.38     31567
           4       0.99      1.00      1.00      8422
           5       0.52      0.80      0.63     28678
           6       0.78      0.89      0.83     36128
           7       0.46      0.05      0.08     18276
           8       0.41      0.15      0.22     21911
           9       0.49      0.21      0.29     13381
          10       0.59      0.81      0.68     40516
          11       0.54      0.27      0.36     25584
          12       0.50      0.01      0.01      1303
          13       0.95      1.00      0.97     43905
          14       1.00      0.99      1.00    140559
          15       0.43      0.90      0.58     27079
          16       0.94      0.27      0.41      2321
          17       0.67      0.29      0.40        14
          18       0.00      0.00      0.00         3

    accuracy                           0.74    491209
   macro avg       0.63      0.52      0.52    491209
weighted avg       0.73      0.74      0.70    491209
