              precision    recall  f1-score   support

           0     0.9999    0.9931    0.9965    454089
           1     0.6211    0.9767    0.7593       386
           2     0.9975    0.9996    0.9985     25588
           3     0.9693    0.9981    0.9835      2055
           4     0.9969    0.9990    0.9980     46259
           5     0.9586    0.9864    0.9723      1103
           6     0.9335    0.9921    0.9619      1146
           7     0.9937    1.0000    0.9968      1570
           8     1.0000    1.0000    1.0000         3
           9     0.7143    1.0000    0.8333         5
          10     0.9933    0.9996    0.9964     31712
          11     0.9936    1.0000    0.9968      1242
          12     0.1302    0.6014    0.2141       291
          13     0.0833    0.4000    0.1379         5
          14     0.0579    0.6557    0.1064       122

    accuracy                         0.9940    565576
   macro avg     0.7629    0.9068    0.7968    565576
weighted avg     0.9979    0.9940    0.9958    565576
