XGBoost Classification Report

              precision    recall  f1-score   support

           0       1.00      0.99      1.00    454089
           1       0.56      0.99      0.72       386
           2       1.00      1.00      1.00     25588
           3       0.97      1.00      0.98      2055
           4       1.00      1.00      1.00     46259
           5       0.97      0.99      0.98      1103
           6       0.93      0.99      0.96      1146
           7       1.00      1.00      1.00      1570
           8       1.00      1.00      1.00         3
           9       0.83      1.00      0.91         5
          10       0.99      1.00      1.00     31712
          11       0.99      1.00      1.00      1242
          12       0.14      0.60      0.22       291
          13       0.10      0.40      0.15         5
          14       0.05      0.66      0.10       122

    accuracy                           0.99    565576
   macro avg       0.77      0.91      0.80    565576
weighted avg       1.00      0.99      1.00    565576

Accuracy: 0.9936188947197193